[0;37;5;47;107m                                                  [0m
[0;37;5;47;107m 8[0;1;34;94;47mSSSSXSSSXSSSXSSSXSSSX[0;1;37;97;47m [0;37;5;47;107m..[0;1;37;97;47mt[0;1;31;91;47mXSSXSSSXSSSXSSSXSSSX[0;1;37;97;47m [0;37;5;47;107m8:[0m
[0;37;5;47;107m 8[0;34;5;44;104m                     [0;37;5;44;104m8[0;37;5;47;107m  [0;1;31;91;47m@[0;31;5;41;101m                     [0;37;5;47;107m8%[0m
[0;37;5;47;107m [0;1;37;97;47m.[0;34;5;44;104m                  [0;37;5;44;104m88[0;37;5;47;107m88S S[0;1;35;95;47mX[0;1;33;93;5;41;101m@[0;1;35;95;5;41;101m@[0;1;33;93;5;41;101m%[0;31;5;41;101m                 [0;37;5;47;107m8%[0m
[0;37;5;47;107m 8[0;34;5;44;104m              [0;37;5;44;104m8[0;37;5;47;107m8[0;1;34;94;47mS[0;37;5;47;107m8888S      :8[0;1;37;97;47m [0;1;35;95;5;41;101mX[0;1;33;93;5;41;101mX[0;31;5;41;101m             [0;37;5;47;107m8%[0m
[0;37;5;47;107m 8[0;34;5;44;104m           [0;1;37;97;47m [0;37;5;47;107m8[0;1;37;97;47m [0;36;5;40;100m:[0;35;5;40;100m:[0;1;30;90;47m888[0;37;5;40;100m:[0;36;5;40;100m%[0;1;37;97;47m [0;37;5;47;107m8      :. .8[0;1;31;91;47mX[0;31;5;41;101m           [0;37;5;47;107m8%[0m
[0;37;5;47;107m [0;1;37;97;47m.[0;34;5;44;104m         [0;37;5;44;104m8[0;37;5;47;107m.%[0;1;37;97;47m [0;1;30;90;44mX[0;1;37;97;47m [0;37;5;47;107mt:;:.[0;1;37;97;47mt[0;1;30;90;44mX[0;37;5;40;100mX[0;37;5;47;107m.    S[0;1;37;97;47m [0;1;30;90;47m8[0;31;5;40;100m8[0;35;5;40;100m%[0;33;5;40;100m%[0;1;37;97;47m [0;37;5;47;107m8[0;37;5;41;101m8[0;31;5;41;101m         [0;37;5;47;107m8t[0m
[0;37;5;47;107m 8[0;34;5;44;104m        [0;37;5;47;107m8; 8[0;1;30;90;44m@[0;1;30;90;47mt[0;37;5;47;107m:.[0;1;37;97;47mt[0;1;30;90;47m8[0;1;37;97;47m [0;37;5;47;107m; [0;1;37;97;47mt[0;34;5;40;100m@[0;1;30;90;47m [0;37;5;47;107m   [0;1;37;97;47m [0;35;5;40;100m:[0;33;5;40;100m [0;1;30;90;47m%[0;1;37;97;47m%% [0;35;5;40;100m :[0;1;30;90;47m8[0;1;37;97;47m [0;31;5;41;101m        [0;37;5;47;107m8%[0m
[0;37;5;47;107m 8[0;34;5;44;104m      [0;1;34;94;47m@[0;37;5;47;107m;; .[0;1;37;97;47m [0;34;5;40;100m8[0;1;37;97;47m%[0;37;5;47;107m X[0;1;30;90;47m8[0;1;37;97;47m%[0;1;30;90;47m8[0;37;5;47;107m8:8[0;35;5;40;100mX[0;1;30;90;47m8[0;37;5;47;107m  [0;1;30;90;47mS[0;31;5;40;100mS[0;1;37;97;47m%[0;37;5;47;107m.8[0;1;37;97;47m .%[0;37;5;47;107m.8[0;35;5;40;100m.[0;1;30;90;47m8[0;37;5;47;107mX[0;37;5;41;101m8[0;31;5;41;101m      [0;37;5;47;107m8t[0m
[0;37;5;47;107m [0;1;37;97;47m.[0;34;5;44;104m     [0;37;5;44;104m8[0;37;5;47;107m:   .[0;1;37;97;47mS[0;30;5;40;100m8[0;37;5;40;100m@[0;37;5;47;107m; X[0;1;30;90;47m8[0;1;37;97;47mX[0;37;5;47;107m:.[0;1;30;90;47m%[0;1;30;90;40m8[0;1;30;90;47m:[0;37;5;47;107m %[0;35;5;40;100mt [0;37;5;47;107m..8[0;37;5;40;100mS[0;33;5;40;100m [0;1;37;97;47mS[0;37;5;47;107m .[0;1;30;90;47m@[0;31;5;40;100m8[0;37;5;47;107m8 [0;37;5;41;101m8[0;31;5;41;101m     [0;37;5;47;107m8%[0m
[0;37;5;47;107m 8[0;34;5;44;104m     [0;37;5;47;107mS     .[0;1;37;97;47mS[0;35;5;40;100m;[0;36;5;40;100m [0;1;37;97;47mS[0;37;5;47;107m8@@[0;1;37;97;47mS[0;1;30;90;47m8[0;34;5;40;100mS[0;1;30;90;47m%[0;37;5;47;107m. t[0;33;5;40;100m [0;35;5;40;100m [0;37;5;47;107mt [0;1;37;97;47mX[0;37;5;40;100mX%[0;1;37;97;47m [0;37;5;47;107m:.[0;1;30;90;47m8[0;31;5;40;100mS[0;37;5;47;107m8 8[0;31;5;41;101m     [0;37;5;47;107m8t[0m
[0;37;5;47;107m 8[0;34;5;44;104m    [0;37;5;47;107m8.  .   . [0;1;37;97;47mt[0;1;30;90;47mt[0;36;5;40;100m [0;1;30;90;47m8[0;36;5;40;100m [0;1;30;90;47m88[0;1;37;97;47mt[0;1;30;90;47mt[0;1;37;97;47m;[0;1;30;90;47m:[0;37;5;47;107mX[0;1;37;97;47mS[0;35;5;40;100m  [0;1;37;97;47m8[0;37;5;47;107mt;;t8[0;1;30;90;47m8[0;31;5;40;100m8[0;1;37;97;47m:[0;37;5;47;107m.  8[0;31;5;41;101m    [0;37;5;47;107m8t[0m
[0;37;5;47;107m [0;1;37;97;47m.[0;34;5;44;104m   [0;37;5;44;104m8[0;37;5;47;107mt.    .   .  .t[0;1;37;97;47m:[0;30;5;40;100m8[0;34;5;40;100m%[0;33;5;40;100m [0;35;5;40;100m  [0;30;5;40;100mX[0;35;5;40;100m.[0;1;37;97;47m%[0;1;30;90;47m8[0;1;30;90;40mX[0;33;5;40;100m.[0;37;5;40;100m8[0;1;30;90;47m8[0;35;5;40;100m [0;30;5;40;100m8[0;33;5;40;100m.[0;1;37;97;47mX[0;37;5;47;107m;  .t[0;37;5;41;101m8[0;31;5;41;101m   [0;37;5;47;107m8t[0m
[0;37;5;47;107m 8[0;34;5;44;104m   [0;1;34;94;47mS[0;37;5;47;107m.  ..8888..  %[0;37;5;40;100m%[0;36;5;40;100m;[0;1;30;90;47m.[0;37;5;47;107m@. ;[0;1;37;97;47m8[0;1;30;90;47m8[0;33;5;40;100m%[0;1;30;90;47m;[0;1;37;97;47m@.[0;1;30;90;47mXtt[0;1;37;97;47m@[0;37;5;47;107m@     .[0;1;31;91;47mX[0;31;5;41;101m   [0;37;5;47;107m8t[0m
[0;37;5;47;107m @8[0;1;37;97;47m [0;37;5;47;107m88;.8[0;1;30;90;47m8[0;36;5;40;100m;[0;37;5;40;100m%[0;1;30;90;47m8[0;37;5;40;100mS%[0;36;5;40;100m;[0;37;5;40;100m8[0;1;37;97;47m@[0;37;5;47;107m:[0;1;30;90;47mS[0;34;5;40;100mS[0;1;37;97;47mX[0;37;5;47;107m [0;1;37;97;47m8[0;1;30;90;47mt[0;1;37;97;47m.[0;1;30;90;47m:[0;37;5;47;107m;:[0;1;30;90;47mS[0;30;5;40;100m8[0;1;37;97;47m8[0;37;5;47;107m .:@88@:.   @8888t[0m
[0;37;5;47;107m :tt%: X[0;34;5;40;100mX[0;35;5;40;100m.[0;37;5;47;107m8:: .8[0;35;5;40;100m.[0;36;5;40;100mt[0;1;37;97;47m8[0;37;5;40;100mS[0;33;5;40;100m.[0;37;5;47;107m@ [0;1;30;90;47mt [0;37;5;47;107mt[0;1;30;90;47mX[0;37;5;47;107m8 [0;1;37;97;47mt[0;1;30;90;40m8[0;1;37;97;47m.[0;37;5;47;107m [0;1;37;97;47m [0;35;5;40;100m:[0;30;5;40;100m@@@X[0;35;5;40;100m.[0;1;37;97;47m.[0;37;5;47;107m   ;X@@; [0m
[0;37;5;47;107m .[0;37;5;43;103m.[0;37;5;47;107m [0;37;5;43;103m.[0;37;5;47;107m :[0;37;5;40;100m%[0;36;5;40;100m.[0;37;5;47;107m@.[0;1;37;97;47m.[0;1;30;90;47mS[0;37;5;47;107m8: @[0;35;5;40;100m; [0;1;30;90;47m.[0;30;5;40;100m@[0;1;37;97;47m.[0;37;5;47;107m.%[0;1;37;97;47m%t8[0;37;5;47;107m.t[0;37;5;40;100m@[0;35;5;40;100m%[0;1;37;97;47mt[0;37;5;40;100mX[0;33;5;40;100m.[0;1;30;90;47mX[0;1;37;97;47m@[0;37;5;47;107m88[0;1;37;97;47m@[0;1;30;90;47mX[0;33;5;40;100m.[0;37;5;40;100mS[0;37;5;47;107m% [0;1;37;97;47m8[0;1;30;90;43m@[0;1;33;93;43m:[0;1;33;93;47m8[0;37;5;47;107m% [0m
[0;37;5;47;107m  [0;33;5;43;103m   [0;37;5;43;103m.[0;37;5;47;107mX[0;35;5;40;100mt[0;1;30;90;47m8[0;37;5;47;107mt [0;1;30;90;47m8[0;35;5;40;100m  [0;1;37;97;47m@[0;37;5;47;107m.;[0;37;5;40;100m8[0;35;5;40;100m.[0;37;5;47;107m@[0;1;30;90;47m;[0;35;5;40;100m.[0;33;5;40;100m [0;1;37;97;47m @8S[0;1;30;90;47m@[0;35;5;40;100m [0;36;5;40;100m [0;1;37;97;47m8[0;36;5;40;100m  [0;37;5;47;107m@:[0;1;37;97;47m:[0;1;30;90;47m;;[0;1;37;97;47m:[0;37;5;47;107m:@[0;35;5;40;100m.[0;33;5;40;100m [0;37;5;47;107m.[0;1;32;92;43m8[0;32;5;42;102m.X8[0;1;37;97;47m%[0;37;5;47;107m [0m
[0;37;5;47;107m .[0;33;5;43;103m   [0;37;5;43;103m.[0;37;5;47;107m;[0;36;5;40;100m:[0;34;5;40;100mS[0;37;5;47;107m@.[0;1;37;97;47mXS[0;37;5;47;107m.  @[0;36;5;40;100mt[0;35;5;40;100m:[0;37;5;47;107mt S[0;1;30;90;47m@[0;37;5;40;100mS[0;1;30;90;40m8[0;30;5;40;100mX@[0;1;30;90;47m8 [0;37;5;47;107m 8[0;30;5;40;100mX[0;1;30;90;47m8[0;37;5;47;107m:;[0;37;5;40;100m8[0;1;37;97;47m8[0;37;5;47;107m8[0;37;5;40;100m8[0;37;5;47;107m.:[0;1;30;90;47m@[0;31;5;40;100mX[0;1;37;97;47m.[0;32;5;42;102mS[0;1;32;92;42m888[0;37;5;47;107m8:[0m
[0;37;5;47;107m  [0;33;5;43;103m   [0;37;5;43;103m..[0;37;5;47;107m@[0;36;5;40;100m.[0;35;5;40;100m [0;1;37;97;47m.[0;37;5;47;107m@;tX[0;1;37;97;47m [0;35;5;40;100m.;[0;1;37;97;47m8[0;37;5;47;107m t[0;1;37;97;47m@:[0;37;5;40;100m88[0;1;30;90;47m8[0;1;37;97;47m:[0;37;5;47;107m8  ;[0;36;5;40;100m  [0;37;5;47;107m% 8[0;1;30;90;47m%%[0;37;5;47;107m8 S[0;36;5;40;100m ;[0;1;30;90;47m8[0;32;5;42;102mX[0;1;32;92;42m8@[0;32;5;42;102m8[0;1;37;97;47m%[0;37;5;47;107m.[0m
[0;37;5;47;107m .[0;33;5;43;103m    [0;37;5;43;103m.[0;37;5;47;107m..[0;1;37;97;47mS[0;1;30;90;47m8[0;35;5;40;100m [0;37;5;40;100m%[0;35;5;40;100m [0;37;5;40;100mS[0;1;30;90;47m8[0;1;37;97;47mt[0;37;5;47;107m:.[0;1;30;90;47m:[0;33;5;40;100m  [0;1;30;90;47m:[0;1;37;97;47mS@.[0;37;5;40;100m8[0;35;5;40;100m:[0;37;5;40;100mX[0;37;5;47;107mX @[0;36;5;40;100m [0;33;5;40;100m [0;1;37;97;47m.[0;37;5;47;107m@%%@[0;1;37;97;47m.[0;33;5;40;100m  [0;1;30;90;47m8[0;32;5;42;102m:[0;1;32;92;42m@8@[0;32;5;42;102m8[0;37;5;47;107m8:[0m
[0;37;5;47;107m  [0;33;5;43;103m      [0;37;5;47;107m .    :   [0;1;37;97;47m:[0;30;5;40;100mX[0;1;30;90;47mS[0;37;5;47;107m. .: .[0;1;37;97;47mX[0;32;5;40;100m%[0;37;5;40;100m8[0;37;5;47;107m% .[0;1;30;90;47mS[0;30;5;40;100m8@[0;33;5;40;100m;[0;35;5;40;100mt[0;30;5;40;100m88[0;1;30;90;47mt[0;1;37;97;47m [0;32;5;42;102m;[0;1;32;92;42m@8@88[0;1;37;97;47m%[0;37;5;47;107m [0m
[0;37;5;47;107m .[0;33;5;43;103m       [0;37;5;43;103m.[0;37;5;47;107m       :[0;37;5;40;100mX[0;36;5;40;100m:[0;37;5;47;107m@ X[0;1;37;97;47mX8@[0;37;5;47;107m..[0;1;30;90;47m@[0;30;5;40;100mS[0;37;5;47;107m8  ;%[0;1;37;97;47m@tt@[0;37;5;47;107m@[0;1;30;90;47m8[0;32;5;42;102m.[0;1;32;92;42m8@88@[0;32;5;42;102m8[0;37;5;47;107m8:[0m
[0;37;5;47;107m  [0;33;5;43;103m .   . [0;37;5;43;103m .[0;37;5;47;107m . .  :[0;37;5;40;100m@[0;33;5;40;100m;[0;37;5;47;107m8;[0;1;37;97;47mt8[0;37;5;47;107m8[0;1;37;97;47m%[0;37;5;47;107m8:[0;1;30;90;47m@[0;30;5;40;100mX[0;37;5;47;107m8   .  ;[0;1;37;97;47m [0;32;5;42;102m:X[0;1;32;92;42m@88@8@[0;32;5;42;102m8[0;1;37;97;47m%[0;37;5;47;107m [0m
[0;37;5;47;107m .[0;33;5;43;103m          [0;37;5;43;103m.[0;37;5;47;107m  . .[0;1;37;97;47mt[0;30;5;40;100mX[0;1;30;90;47m8[0;37;5;47;107m;:;t;.[0;1;37;97;47m%[0;30;5;40;100mS[0;1;30;90;47m8[0;37;5;47;107mt .  .8[0;36;5;42;102m%[0;32;5;42;102m@[0;1;32;92;42m@88@8@8@[0;32;5;42;102m8[0;37;5;47;107m8;[0m
[0;37;5;47;107m  [0;33;5;43;103m   .        [0;37;5;43;103m.[0;37;5;47;107m  ..[0;1;30;90;47m.[0;35;5;40;100m  [0;1;30;90;47m%[0;1;37;97;47m:t[0;1;30;90;47m:[0;37;5;40;100mX[0;35;5;40;100m;[0;37;5;40;100m8[0;37;5;47;107mS  :8[0;1;37;97;47m [0;36;5;42;102m;[0;32;5;42;102m8[0;33;42m8[0;32;5;42;102m8[0;1;32;92;42m8@8@8@8@8[0;1;37;97;47m%[0;37;5;47;107m [0m
[0;37;5;47;107m .[0;33;5;43;103m                [0;37;5;43;103m.[0;37;5;47;107m [0;37;5;43;103m;[0;1;37;97;47m8[0;33;47mX[0;1;30;90;47m::t[0;1;37;97;47m; . [0;1;32;92;47mX[0;33;5;42;102m%[0;36;5;42;102m8[0;32;5;42;102m88[0;1;32;92;42m@8[0;32;5;42;102m8[0;1;32;92;42m@8@8@8@88[0;32;5;42;102m8[0;37;5;47;107m8;[0m
[0;37;5;47;107m  [0;33;5;43;103m    .  .             [0;37;5;43;103m [0;37;5;47;107m  [0;1;30;90;47m8[0;32;5;42;102m SS8[0;1;32;92;42m@@8@88@8@8@8@8@@[0;32;5;42;102m8[0;1;37;97;47m%[0;37;5;47;107m [0m
[0;37;5;47;107m .[0;33;5;43;103m .    .  .[0;37;5;43;103m..[0;33;5;43;103m .      [0;37;5;43;103m [0;37;5;47;107m  :[0;1;32;92;47m8[0;32;5;42;102m@[0;1;32;92;42m8888888888888888888[0;32;5;42;102m8[0;37;5;47;107m8.[0m
[0;37;5;47;107m    .. .  .     .. .      :tt;... .     ...:.:..: [0m
